(module GCT_USB3140-XX-XXXX-X-X (layer F.Cu) (tedit 5D75C569)
  (fp_text reference REF** (at 0 4) (layer F.SilkS)
    (effects (font (size 0.7 0.7) (thickness 0.15)))
  )
  (fp_text value GCT_USB3140-XX-XXXX-X-X (at 0 6.5) (layer F.Fab)
    (effects (font (size 1 1) (thickness 0.15)))
  )
  (fp_line (start -3 -1) (end -1.75 -1) (layer F.SilkS) (width 0.15))
  (fp_line (start 1.75 -1) (end 3 -1) (layer F.SilkS) (width 0.15))
  (fp_line (start 3.5 -0.5) (end 3.5 -0.25) (layer F.SilkS) (width 0.15))
  (fp_line (start -3.5 -0.5) (end -3.5 -0.25) (layer F.SilkS) (width 0.15))
  (fp_line (start -3.5 2) (end -3.5 2.75) (layer F.SilkS) (width 0.15))
  (fp_line (start -3 3.25) (end 3 3.25) (layer F.SilkS) (width 0.15))
  (fp_line (start 3.5 2.75) (end 3.5 2) (layer F.SilkS) (width 0.15))
  (fp_arc (start 3 2.75) (end 3 3.25) (angle -90) (layer F.SilkS) (width 0.15))
  (fp_arc (start -3 2.75) (end -3.5 2.75) (angle -90) (layer F.SilkS) (width 0.15))
  (fp_arc (start 3 -0.5) (end 3.5 -0.5) (angle -90) (layer F.SilkS) (width 0.15))
  (fp_arc (start -3 -0.5) (end -3 -1) (angle -90) (layer F.SilkS) (width 0.15))
  (fp_line (start -3 -1) (end -1.75 -1) (layer F.Fab) (width 0.15))
  (fp_line (start 1.75 -1) (end 3 -1) (layer F.Fab) (width 0.15))
  (fp_line (start 3.5 -0.5) (end 3.5 -0.25) (layer F.Fab) (width 0.15))
  (fp_line (start 3.5 2) (end 3.5 2.75) (layer F.Fab) (width 0.15))
  (fp_line (start 3 3.25) (end -3 3.25) (layer F.Fab) (width 0.15))
  (fp_line (start -3.5 2.75) (end -3.5 2) (layer F.Fab) (width 0.15))
  (fp_line (start -3.5 -0.25) (end -3.5 -0.5) (layer F.Fab) (width 0.15))
  (fp_arc (start -3 -0.5) (end -3 -1) (angle -90) (layer F.Fab) (width 0.15))
  (fp_arc (start -3 2.75) (end -3.5 2.75) (angle -90) (layer F.Fab) (width 0.15))
  (fp_arc (start 3 2.75) (end 3 3.25) (angle -90) (layer F.Fab) (width 0.15))
  (fp_arc (start 3 -0.5) (end 3.5 -0.5) (angle -90) (layer F.Fab) (width 0.15))
  (pad 3 smd roundrect (at 0 0) (size 0.4 1.5) (layers F.Cu F.Paste F.Mask) (roundrect_rratio 0.25))
  (pad 2 smd roundrect (at -0.65 0) (size 0.4 1.5) (layers F.Cu F.Paste F.Mask) (roundrect_rratio 0.25))
  (pad 1 smd roundrect (at -1.3 0) (size 0.4 1.5) (layers F.Cu F.Paste F.Mask) (roundrect_rratio 0.25))
  (pad 4 smd roundrect (at 0.65 0) (size 0.4 1.5) (layers F.Cu F.Paste F.Mask) (roundrect_rratio 0.25))
  (pad 5 smd roundrect (at 1.3 0) (size 0.4 1.5) (layers F.Cu F.Paste F.Mask) (roundrect_rratio 0.25))
  (pad 6 thru_hole circle (at -3.575 0.89) (size 1.85 1.85) (drill 1.15) (layers *.Cu *.Mask))
  (pad 6 thru_hole circle (at 3.575 0.89) (size 1.85 1.85) (drill 1.15) (layers *.Cu *.Mask))
  (model ${KIUSR3DMOD}/EE_Connector_USB.3dshapes/USB3140-30-0170-0-C.stp
    (offset (xyz 0 0 6))
    (scale (xyz 1 1 1))
    (rotate (xyz -90 0 180))
  )
)
